            CPU0       CPU1       CPU2       CPU3       CPU4       CPU5       CPU6       CPU7       CPU8       CPU9       CPU10      CPU11      CPU12      CPU13      CPU14      CPU15      CPU16      CPU17      CPU18      CPU19      CPU20      CPU21      CPU22      CPU23      
   8:          0          0          0          0          0          0          0          0          0          0          0          0          0          0          0          0          0          0          0          0          0          0          0          0 IR-IO-APIC    8-edge      rtc0
   9:          1          0          0          0          0          0          0          0          0          0          0          0          0          0          0          0          0          0          0          0          0          0          0          0 IR-IO-APIC    9-fasteoi   acpi
  16:          0          0          0          0          0          0          0          0          0          0          0          0          0          0          0          0          0          0          0          0          0          0          0          0 IR-IO-APIC   16-fasteoi   processor_thermal_device_pci
  17:          0          0          0          0          0          0          0          0          0          0          0          0          0          0          0          0        310          0          0          0          0          0          0          0 IR-IO-APIC   17-fasteoi   snd_hda_intel:card0
  18:          0          0          0          0          0          0          0          0          0          0          0          0         84          0          0          0          0          0          0          0          0          0          0          0 IR-IO-APIC   18-fasteoi   i801_smbus
  32:          0          0          0          0          0          0          0          0          0          0          0          0          0          0          0          0          0          0          0          0          0          0          0          0 IR-IO-APIC   32-fasteoi   idma64.0, i2c_designware.0
  34:          0          0          0          0          0          0          0          0          0          0          0          0          0          0          0          0          0          0          0          0          0          0          0          0 IR-IO-APIC   34-fasteoi   idma64.1, i2c_designware.1
 120:          0          0          0          0          0          0          0          0          0          0          0          0          0          0          0          0          0          0          0          0          0          0          0          0 DMAR-MSI    0-edge      dmar0
 121:          0          0          0          0          0          0          0          0          0          0          0          0          0          0          0          0          0          0          0          0          0          0          0          0 DMAR-MSI    1-edge      dmar1
 122:          0          0          0          0          0          0          0          0          0          0          0          0          0          0          0          0          0          0          0          0          0          0          0          0 DMAR-MSI 2048-edge      dmar0-perf
 123:          0          0          0          0          0          0          0          0          0          0          0          0          0          0          0          0          0          0          0          0          0          0          0          0 DMAR-MSI 2049-edge      dmar1-perf
 124:          0          0          0          0          0          0          0          0          0          0          0          0          0          0          0          0          0          0          0          0          0          0          0          0 IR-PCI-MSI-0000:00:01.0    0-edge      PCIe PME, PCIe bwctrl
 125:          0          0          0          0          0          0        106          0          0          0          0          0          0          0          0          0          0          0          0          0          0          0          0          0 IR-PCI-MSI-0000:00:06.0    0-edge      PCIe PME, PCIe bwctrl
 126:          0          0          0          0          0          0          0          0          0          0          0          0          0          0          0          0          0          0          0          0          0          0          0          0 IR-PCI-MSI-0000:00:07.0    0-edge      PCIe PME, pciehp
 127:          0          0          0          0          0          0          0          0          0          0          0          0          0          0          0          0          0          0          0          0          0          0          0          0 IR-PCI-MSI-0000:00:07.1    0-edge      PCIe PME, pciehp
 128:          0          0          0          0          0          0          0          0          0          0          0          0          0          0          0          0          0          0          0          0          0          0          0          0 IR-PCI-MSI-0000:80:1c.0    0-edge      PCIe PME, PCIe bwctrl
 129:          0          0          0          0          0          0          0          0          0          0          0          0          0          0          0          0          0          0          0          0          0          0          0          0 IR-PCI-MSI-0000:80:1c.3    0-edge      PCIe PME, PCIe bwctrl
 130:          0          0          0          0          0          0          0          0          0          0          0          0          0          0          0          0          0          0          0          0          0          0          0          0 IR-PCI-MSI-0000:00:0d.0    0-edge      xhci_hcd
 138:          0          0          0          0          0          0          0          0          0          0          0          0          0          0          0          0          0          0          0       6581          0          0          0          0 IR-PCI-MSI-0000:80:14.0    0-edge      xhci_hcd
 146:          0          0          0          0          0        827          0          0          0          0          0          0          0          0          0          0          0          0          0          0          0          0          0          0 IR-PCI-MSIX-0000:00:0d.2    0-edge      thunderbolt
 147:          0          0          0          0          0          0        820          0          0          0          0          0          0          0          0          0          0          0          0          0          0          0          0          0 IR-PCI-MSIX-0000:00:0d.2    1-edge      thunderbolt
 153:          0          0          0          0          0          0          0          0          0          0          0          0          0          0          0          0          0          0          0          0          0          0          0          0 IR-PCI-MSI-0000:80:17.0    0-edge      ahci[0000:80:17.0]
 163:          0          0          0          0          0          0          0          0       6194          0          0          0          0          0          0          0          0          0          0          0          0          0          0          0 IR-PCI-MSIX-0000:01:00.0    0-edge      nvme0q0
 164:          0          0          0          0          0          0          0          0          0          0          0          0          0          0          0          0   77752255          0          0          0          0          0          0          0 IR-PCI-MSIX-0000:81:00.0    0-edge      enp129s0
 165:          0    5869951          0          0          0          0          0          0          0          0          0          0          0          0          0          0          0          0          0          0          0          0          0          0 IR-PCI-MSIX-0000:01:00.0    1-edge      nvme0q1
 166:          0          0          0    7501892          0          0          0          0          0          0          0          0          0          0          0          0          0          0          0          0          0          0          0          0 IR-PCI-MSIX-0000:01:00.0    2-edge      nvme0q2
 167:          0          0          0          0          0    6751335          0          0          0          0          0          0          0          0          0          0          0          0          0          0          0          0          0          0 IR-PCI-MSIX-0000:01:00.0    3-edge      nvme0q3
 168:          0          0          0          0          0          0          0    5653339          0          0          0          0          0          0          0          0          0          0          0          0          0          0          0          0 IR-PCI-MSIX-0000:01:00.0    4-edge      nvme0q4
 169:          0          0          0          0          0          0          0          0          0    5672648          0          0          0          0          0          0          0          0          0          0          0          0          0          0 IR-PCI-MSIX-0000:01:00.0    5-edge      nvme0q5
 170:          0          0          0          0          0          0          0          0          0          0          0    5907159          0          0          0          0          0          0          0          0          0          0          0          0 IR-PCI-MSIX-0000:01:00.0    6-edge      nvme0q6
 171:          0          0          0          0          0          0          0          0          0          0          0          0          0    6364324          0          0          0          0          0          0          0          0          0          0 IR-PCI-MSIX-0000:01:00.0    7-edge      nvme0q7
 172:          0          0          0          0          0          0          0          0          0          0          0          0          0          0          0    6504974          0          0          0          0          0          0          0          0 IR-PCI-MSIX-0000:01:00.0    8-edge      nvme0q8
 173:          0          0          0          0          0          0          0          0          0          0          0          0          0          0          0          0    3631933          0          0          0          0          0          0          0 IR-PCI-MSIX-0000:01:00.0    9-edge      nvme0q9
 174:          0          0          0          0          0          0          0          0          0          0          0          0          0          0          0          0          0    3536447          0          0          0          0          0          0 IR-PCI-MSIX-0000:01:00.0   10-edge      nvme0q10
 175:          0          0          0          0          0          0          0          0          0          0          0          0          0          0          0          0          0          0    3458953          0          0          0          0          0 IR-PCI-MSIX-0000:01:00.0   11-edge      nvme0q11
 176:          0          0          0          0          0          0          0          0          0          0          0          0          0          0          0          0          0          0          0    2889969          0          0          0          0 IR-PCI-MSIX-0000:01:00.0   12-edge      nvme0q12
 177:          0          0          0          0          0          0          0          0          0          0          0          0          0          0          0          0          0          0          0          0    3146623          0          0          0 IR-PCI-MSIX-0000:01:00.0   13-edge      nvme0q13
 178:          0          0          0          0          0          0          0          0          0          0          0          0          0          0          0          0          0          0          0          0          0    3345831          0          0 IR-PCI-MSIX-0000:01:00.0   14-edge      nvme0q14
 179:          0          0          0          0          0          0          0          0          0          0          0          0          0          0          0          0          0          0          0          0          0          0    3194023          0 IR-PCI-MSIX-0000:01:00.0   15-edge      nvme0q15
 180:          0          0          0          0          0          0          0          0          0          0          0          0          0          0          0          0          0          0          0          0          0          0          0    2703595 IR-PCI-MSIX-0000:01:00.0   16-edge      nvme0q16
 181:          0          0          0          0          0          0          0          0          0          0          2          0          0          0          0          0          0          0          0          0          0          0          0          0 IR-PCI-MSI-0000:00:0b.0    0-edge      intel_vpu
 182:          0          0          0          0          0          0          0          0          0          0          0        162          0          0          0          0          0          0          0          0          0          0          0          0 IR-PCI-MSI-0000:80:16.0    0-edge      mei_me
 183:          0          0          0          0          0          0          0          0          0          0          0          0          0          0    1956439          0          0          0          0          0          0          0          0          0 IR-PCI-MSIX-0000:80:14.3    0-edge      iwlwifi:default_queue
 184:      85529          0          0          0          0          0          0          0          0          0          0          0          0          0          0          0          0          0          0          0          0          0          0          0 IR-PCI-MSIX-0000:80:14.3    1-edge      iwlwifi:queue_1
 185:          0      93365          0          0          0          0          0          0          0          0          0          0          0          0          0          0          0          0          0          0          0          0          0          0 IR-PCI-MSIX-0000:80:14.3    2-edge      iwlwifi:queue_2
 186:          0          0      65808          0          0          0          0          0          0          0          0          0          0          0          0          0          0          0          0          0          0          0          0          0 IR-PCI-MSIX-0000:80:14.3    3-edge      iwlwifi:queue_3
 187:          0          0          0      66826          0          0          0          0          0          0          0          0          0          0          0          0          0          0          0          0          0          0          0          0 IR-PCI-MSIX-0000:80:14.3    4-edge      iwlwifi:queue_4
 188:          0          0          0          0      65260          0          0          0          0          0          0          0          0          0          0          0          0          0          0          0          0          0          0          0 IR-PCI-MSIX-0000:80:14.3    5-edge      iwlwifi:queue_5
 189:          0          0          0          0          0      66584          0          0          0          0          0          0          0          0          0          0          0          0          0          0          0          0          0          0 IR-PCI-MSIX-0000:80:14.3    6-edge      iwlwifi:queue_6
 190:          0          0          0          0          0          0      65700          0          0          0          0          0          0          0          0          0          0          0          0          0          0          0          0          0 IR-PCI-MSIX-0000:80:14.3    7-edge      iwlwifi:queue_7
 191:          0          0          0          0          0          0          0      66237          0          0          0          0          0          0          0          0          0          0          0          0          0          0          0          0 IR-PCI-MSIX-0000:80:14.3    8-edge      iwlwifi:queue_8
 192:          0          0          0          0          0          0          0          0      72019          0          0          0          0          0          0          0          0          0          0          0          0          0          0          0 IR-PCI-MSIX-0000:80:14.3    9-edge      iwlwifi:queue_9
 193:          0          0          0          0          0          0          0          0          0      66998          0          0          0          0          0          0          0          0          0          0          0          0          0          0 IR-PCI-MSIX-0000:80:14.3   10-edge      iwlwifi:queue_10
 194:          0          0          0          0          0          0          0          0          0          0      65331          0          0          0          0          0          0          0          0          0          0          0          0          0 IR-PCI-MSIX-0000:80:14.3   11-edge      iwlwifi:queue_11
 195:          0          0          0          0          0          0          0          0          0          0          0      64747          0          0          0          0          0          0          0          0          0          0          0          0 IR-PCI-MSIX-0000:80:14.3   12-edge      iwlwifi:queue_12
 196:          0          0          0          0          0          0          0          0          0          0          0          0      66122          0          0          0          0          0          0          0          0          0          0          0 IR-PCI-MSIX-0000:80:14.3   13-edge      iwlwifi:queue_13
 197:          0          0          0          0          0          0          0          0          0          0          0          0          0      65450          0          0          0          0          0          0          0          0          0          0 IR-PCI-MSIX-0000:80:14.3   14-edge      iwlwifi:queue_14
 198:          0          0          0          0          0          3          0          0          0          0          0          0          0          0          0          0          0          0          0          0          0          0          0          0 IR-PCI-MSIX-0000:80:14.3   15-edge      iwlwifi:exception
 199:          0          0          0          0          0          0          0          0          0          0          0          0          0          0          0    3179678          0          0          0          0          0          0          0          0 IR-PCI-MSI-0000:00:02.0    0-edge      i915
 200:          0          0          0          0          0          0          0          0          0          0          0          0          0          0          0          0          0          0          0          0          0          0          0          0 IR-PCI-MSIX-0000:02:00.0    0-edge      nvidia
 201:          0          0          0          0          0          0          0          0          0          0          0          0          0          0          0          0          0          0          0          0          0          0          0          0 IR-PCI-MSIX-0000:02:00.0    1-edge      nvidia
 202:          0          0          0          0          0          0          0          0          0          0          0          0          0          0          0          0          0          0          0         20          0          0          0          0 IR-PCI-MSIX-0000:02:00.0    2-edge      nvidia
 203:          0          0          0          0          0          0          0          0          0          0          0          0          0          0          0          0          0          0          0          0          0          0          0          0 IR-PCI-MSIX-0000:02:00.0    3-edge      nvidia
 204:          0          0          0          0          0          0          0          0          0          0          0          0          0          0          0          0          0          0          0          0          0          0          0          0 IR-PCI-MSIX-0000:02:00.0    4-edge      nvidia
 205:          0          0          0          0          0          0          0          0          0          0          0          0          0          0          0          0          0          0          0          0          0          0          0          0 IR-PCI-MSIX-0000:02:00.0    5-edge      nvidia
 206:          0          0          0          0          0          0          0          0          0          0          0          0          0          0          0          0          0          0          0          0          0          0          0          0 IR-PCI-MSIX-0000:02:00.0    6-edge      nvidia
 207:          0          0          0          0          0          0          0          0          0          0          0          0          0          0          0          0          0          0          0          0          0          0          0          0 IR-PCI-MSIX-0000:02:00.0    7-edge      nvidia
 208:          0          0          0          0          0          0          0          0          0          0          0          0          0          0          0       1785          0          0          0          0          0          0          0          0 IR-PCI-MSI-0000:80:1f.3    0-edge      snd_hda_intel:card1
 NMI:      10751      13426      12507      10545      10935      10166       9677       9118       1850       1766       1633       1568       1630       1675       1600       1542       1737       1631       1598       1524       1466       1481       1440       1377   Non-maskable interrupts
 LOC:  177937498  207157021  202588474  192767991  194664259  189126881  180662816  171521883  131080909  130186828  117572242  103625001  114440054  119638564  112565561  100034424  206375651  114575159  109542238   95733478   97406125  101822174   97124135   85399831   Local timer interrupts
 SPU:          0          0          0          0          0          0          0          0          0          0          0          0          0          0          0          0          0          0          0          0          0          0          0          0   Spurious interrupts
 PMI:      10751      13426      12507      10545      10935      10166       9677       9118       1850       1766       1633       1568       1630       1675       1600       1542       1737       1631       1598       1524       1466       1481       1440       1377   Performance monitoring interrupts
 IWI:    1627890     891256    1587417    1107674    1158380    1039259     843829     686153     177980     180715     135717     207281     236986     204504     213973     234169     180039     175711     203045     183096     166438     128597     169548     112070   IRQ work interrupts
 RTR:          0          0          0          0          0          0          0          0          0          0          0          0          0          0          0          0          0          0          0          0          0          0          0          0   APIC ICR read retries
 RES:    1652483    1129699    1173914    1060324    1118367    1045230    1034610    1016820    1506035    1506816    1548815    1566198    1737355    1622273    1669433    1592157    1976981    1639922    1630690    1621283    1554058    1530436    1546371    1586333   Rescheduling interrupts
 CAL:   26798739   25370841   24391266   24890634   23485007   23357797   22909497   22813079   75243424   91736397   62638230   52274430   67106944   64378496   68599372   54154991   53146483   55672724   54448837   44401466   46494828   50221360   47802827   40575013   Function call interrupts
 TLB:   20911982   20733829   20645558   21219374   20268867   19751497   19635547   19492677   22174497   23025322   23277574   23285609   24729471   25012083   24787330   24926481   25245663   26756007   26260259   25466468   23441898   24266662   23617979   23891250   TLB shootdowns
 TRM:          3          3          4          3          4          3          3          3          2          2          2          2          2          2          2          2          2          2          2          2          2          2          2          2   Thermal event interrupts
 THR:          0          0          0          0          0          0          0          0          0          0          0          0          0          0          0          0          0          0          0          0          0          0          0          0   Threshold APIC interrupts
 DFR:          0          0          0          0          0          0          0          0          0          0          0          0          0          0          0          0          0          0          0          0          0          0          0          0   Deferred Error APIC interrupts
 MCE:          0          0          0          0          0          0          0          0          0          0          0          0          0          0          0          0          0          0          0          0          0          0          0          0   Machine check exceptions
 MCP:       1660       1661       1661       1661       1661       1661       1661       1661       1661       1661       1661       1661       1661       1661       1661       1661       1661       1661       1661       1661       1661       1661       1661       1661   Machine check polls
 ERR:          0
 MIS:          0
 PIN:   38500756   39494344   43425976   45789893   63152944   58819028   55606903   56491684   23630314   19855273   16183614   11860455   11194084   10804126    9239266    7011466    6658438    6380633    5908116    4561947    5185602    5347677    4881239    3668817   Posted-interrupt notification event
 NPI:          0          0          0          0          0          0          0          0          0          0          0          0          0          0          0          0          0          0          0          0          0          0          0          0   Nested posted-interrupt event
 PIW:    6296157    8715151   10686587   12326828   13847788   15995808   15175333   14603875   15984682   15393748   13633593   10644774   11470370   10992411    9679211    7523062    7306747    7115926    6705817    4973875    5680076    5876675    5390927    4057779   Posted-interrupt wakeup event
