            CPU0       CPU1       CPU2       CPU3       CPU4       CPU5       CPU6       CPU7       CPU8       CPU9       CPU10      CPU11      CPU12      CPU13      CPU14      CPU15      CPU16      CPU17      CPU18      CPU19      CPU20      CPU21      CPU22      CPU23      
   8:          0          0          0          0          0          0          0          0          0          0          0          0          0          0          0          0          0          0          0          0          0          0          0          0 IR-IO-APIC    8-edge      rtc0
   9:          1          0          0          0          0          0          0          0          0          0          0          0          0          0          0          0          0          0          0          0          0          0          0          0 IR-IO-APIC    9-fasteoi   acpi
  16:          0          0          0          0          0          0          0          0          0          0          0          0          0          0          0          0          0          0          0          0          0          0          0          0 IR-IO-APIC   16-fasteoi   processor_thermal_device_pci
  17:          0          0          0          0          0          0          0          0          0          0          0          0          0          0          0          0        310          0          0          0          0          0          0          0 IR-IO-APIC   17-fasteoi   snd_hda_intel:card0
  18:          0          0          0          0          0          0          0          0          0          0          0          0         84          0          0          0          0          0          0          0          0          0          0          0 IR-IO-APIC   18-fasteoi   i801_smbus
  32:          0          0          0          0          0          0          0          0          0          0          0          0          0          0          0          0          0          0          0          0          0          0          0          0 IR-IO-APIC   32-fasteoi   idma64.0, i2c_designware.0
  34:          0          0          0          0          0          0          0          0          0          0          0          0          0          0          0          0          0          0          0          0          0          0          0          0 IR-IO-APIC   34-fasteoi   idma64.1, i2c_designware.1
 120:          0          0          0          0          0          0          0          0          0          0          0          0          0          0          0          0          0          0          0          0          0          0          0          0 DMAR-MSI    0-edge      dmar0
 121:          0          0          0          0          0          0          0          0          0          0          0          0          0          0          0          0          0          0          0          0          0          0          0          0 DMAR-MSI    1-edge      dmar1
 122:          0          0          0          0          0          0          0          0          0          0          0          0          0          0          0          0          0          0          0          0          0          0          0          0 DMAR-MSI 2048-edge      dmar0-perf
 123:          0          0          0          0          0          0          0          0          0          0          0          0          0          0          0          0          0          0          0          0          0          0          0          0 DMAR-MSI 2049-edge      dmar1-perf
 124:          0          0          0          0          0          0          0          0          0          0          0          0          0          0          0          0          0          0          0          0          0          0          0          0 IR-PCI-MSI-0000:00:01.0    0-edge      PCIe PME, PCIe bwctrl
 125:          0          0          0          0          0          0        106          0          0          0          0          0          0          0          0          0          0          0          0          0          0          0          0          0 IR-PCI-MSI-0000:00:06.0    0-edge      PCIe PME, PCIe bwctrl
 126:          0          0          0          0          0          0          0          0          0          0          0          0          0          0          0          0          0          0          0          0          0          0          0          0 IR-PCI-MSI-0000:00:07.0    0-edge      PCIe PME, pciehp
 127:          0          0          0          0          0          0          0          0          0          0          0          0          0          0          0          0          0          0          0          0          0          0          0          0 IR-PCI-MSI-0000:00:07.1    0-edge      PCIe PME, pciehp
 128:          0          0          0          0          0          0          0          0          0          0          0          0          0          0          0          0          0          0          0          0          0          0          0          0 IR-PCI-MSI-0000:80:1c.0    0-edge      PCIe PME, PCIe bwctrl
 129:          0          0          0          0          0          0          0          0          0          0          0          0          0          0          0          0          0          0          0          0          0          0          0          0 IR-PCI-MSI-0000:80:1c.3    0-edge      PCIe PME, PCIe bwctrl
 130:          0          0          0          0          0          0          0          0          0          0          0          0          0          0          0          0          0          0          0          0          0          0          0          0 IR-PCI-MSI-0000:00:0d.0    0-edge      xhci_hcd
 138:          0          0          0          0          0          0          0          0          0          0          0          0          0          0          0          0          0          0          0       6581          0          0          0          0 IR-PCI-MSI-0000:80:14.0    0-edge      xhci_hcd
 146:          0          0          0          0          0        827          0          0          0          0          0          0          0          0          0          0          0          0          0          0          0          0          0          0 IR-PCI-MSIX-0000:00:0d.2    0-edge      thunderbolt
 147:          0          0          0          0          0          0        820          0          0          0          0          0          0          0          0          0          0          0          0          0          0          0          0          0 IR-PCI-MSIX-0000:00:0d.2    1-edge      thunderbolt
 153:          0          0          0          0          0          0          0          0          0          0          0          0          0          0          0          0          0          0          0          0          0          0          0          0 IR-PCI-MSI-0000:80:17.0    0-edge      ahci[0000:80:17.0]
 163:          0          0          0          0          0          0          0          0       6130          0          0          0          0          0          0          0          0          0          0          0          0          0          0          0 IR-PCI-MSIX-0000:01:00.0    0-edge      nvme0q0
 164:          0          0          0          0          0          0          0          0          0          0          0          0          0          0          0          0   75660227          0          0          0          0          0          0          0 IR-PCI-MSIX-0000:81:00.0    0-edge      enp129s0
 165:          0    5804807          0          0          0          0          0          0          0          0          0          0          0          0          0          0          0          0          0          0          0          0          0          0 IR-PCI-MSIX-0000:01:00.0    1-edge      nvme0q1
 166:          0          0          0    7433899          0          0          0          0          0          0          0          0          0          0          0          0          0          0          0          0          0          0          0          0 IR-PCI-MSIX-0000:01:00.0    2-edge      nvme0q2
 167:          0          0          0          0          0    6718047          0          0          0          0          0          0          0          0          0          0          0          0          0          0          0          0          0          0 IR-PCI-MSIX-0000:01:00.0    3-edge      nvme0q3
 168:          0          0          0          0          0          0          0    5600739          0          0          0          0          0          0          0          0          0          0          0          0          0          0          0          0 IR-PCI-MSIX-0000:01:00.0    4-edge      nvme0q4
 169:          0          0          0          0          0          0          0          0          0    5588403          0          0          0          0          0          0          0          0          0          0          0          0          0          0 IR-PCI-MSIX-0000:01:00.0    5-edge      nvme0q5
 170:          0          0          0          0          0          0          0          0          0          0          0    5803923          0          0          0          0          0          0          0          0          0          0          0          0 IR-PCI-MSIX-0000:01:00.0    6-edge      nvme0q6
 171:          0          0          0          0          0          0          0          0          0          0          0          0          0    6290501          0          0          0          0          0          0          0          0          0          0 IR-PCI-MSIX-0000:01:00.0    7-edge      nvme0q7
 172:          0          0          0          0          0          0          0          0          0          0          0          0          0          0          0    6410344          0          0          0          0          0          0          0          0 IR-PCI-MSIX-0000:01:00.0    8-edge      nvme0q8
 173:          0          0          0          0          0          0          0          0          0          0          0          0          0          0          0          0    3575517          0          0          0          0          0          0          0 IR-PCI-MSIX-0000:01:00.0    9-edge      nvme0q9
 174:          0          0          0          0          0          0          0          0          0          0          0          0          0          0          0          0          0    3483231          0          0          0          0          0          0 IR-PCI-MSIX-0000:01:00.0   10-edge      nvme0q10
 175:          0          0          0          0          0          0          0          0          0          0          0          0          0          0          0          0          0          0    3429382          0          0          0          0          0 IR-PCI-MSIX-0000:01:00.0   11-edge      nvme0q11
 176:          0          0          0          0          0          0          0          0          0          0          0          0          0          0          0          0          0          0          0    2863929          0          0          0          0 IR-PCI-MSIX-0000:01:00.0   12-edge      nvme0q12
 177:          0          0          0          0          0          0          0          0          0          0          0          0          0          0          0          0          0          0          0          0    3108179          0          0          0 IR-PCI-MSIX-0000:01:00.0   13-edge      nvme0q13
 178:          0          0          0          0          0          0          0          0          0          0          0          0          0          0          0          0          0          0          0          0          0    3313015          0          0 IR-PCI-MSIX-0000:01:00.0   14-edge      nvme0q14
 179:          0          0          0          0          0          0          0          0          0          0          0          0          0          0          0          0          0          0          0          0          0          0    3161659          0 IR-PCI-MSIX-0000:01:00.0   15-edge      nvme0q15
 180:          0          0          0          0          0          0          0          0          0          0          0          0          0          0          0          0          0          0          0          0          0          0          0    2681111 IR-PCI-MSIX-0000:01:00.0   16-edge      nvme0q16
 181:          0          0          0          0          0          0          0          0          0          0          2          0          0          0          0          0          0          0          0          0          0          0          0          0 IR-PCI-MSI-0000:00:0b.0    0-edge      intel_vpu
 182:          0          0          0          0          0          0          0          0          0          0          0        162          0          0          0          0          0          0          0          0          0          0          0          0 IR-PCI-MSI-0000:80:16.0    0-edge      mei_me
 183:          0          0          0          0          0          0          0          0          0          0          0          0          0          0    1926799          0          0          0          0          0          0          0          0          0 IR-PCI-MSIX-0000:80:14.3    0-edge      iwlwifi:default_queue
 184:      84699          0          0          0          0          0          0          0          0          0          0          0          0          0          0          0          0          0          0          0          0          0          0          0 IR-PCI-MSIX-0000:80:14.3    1-edge      iwlwifi:queue_1
 185:          0      92383          0          0          0          0          0          0          0          0          0          0          0          0          0          0          0          0          0          0          0          0          0          0 IR-PCI-MSIX-0000:80:14.3    2-edge      iwlwifi:queue_2
 186:          0          0      65236          0          0          0          0          0          0          0          0          0          0          0          0          0          0          0          0          0          0          0          0          0 IR-PCI-MSIX-0000:80:14.3    3-edge      iwlwifi:queue_3
 187:          0          0          0      66244          0          0          0          0          0          0          0          0          0          0          0          0          0          0          0          0          0          0          0          0 IR-PCI-MSIX-0000:80:14.3    4-edge      iwlwifi:queue_4
 188:          0          0          0          0      64697          0          0          0          0          0          0          0          0          0          0          0          0          0          0          0          0          0          0          0 IR-PCI-MSIX-0000:80:14.3    5-edge      iwlwifi:queue_5
 189:          0          0          0          0          0      65988          0          0          0          0          0          0          0          0          0          0          0          0          0          0          0          0          0          0 IR-PCI-MSIX-0000:80:14.3    6-edge      iwlwifi:queue_6
 190:          0          0          0          0          0          0      65158          0          0          0          0          0          0          0          0          0          0          0          0          0          0          0          0          0 IR-PCI-MSIX-0000:80:14.3    7-edge      iwlwifi:queue_7
 191:          0          0          0          0          0          0          0      65665          0          0          0          0          0          0          0          0          0          0          0          0          0          0          0          0 IR-PCI-MSIX-0000:80:14.3    8-edge      iwlwifi:queue_8
 192:          0          0          0          0          0          0          0          0      71357          0          0          0          0          0          0          0          0          0          0          0          0          0          0          0 IR-PCI-MSIX-0000:80:14.3    9-edge      iwlwifi:queue_9
 193:          0          0          0          0          0          0          0          0          0      66420          0          0          0          0          0          0          0          0          0          0          0          0          0          0 IR-PCI-MSIX-0000:80:14.3   10-edge      iwlwifi:queue_10
 194:          0          0          0          0          0          0          0          0          0          0      64772          0          0          0          0          0          0          0          0          0          0          0          0          0 IR-PCI-MSIX-0000:80:14.3   11-edge      iwlwifi:queue_11
 195:          0          0          0          0          0          0          0          0          0          0          0      64190          0          0          0          0          0          0          0          0          0          0          0          0 IR-PCI-MSIX-0000:80:14.3   12-edge      iwlwifi:queue_12
 196:          0          0          0          0          0          0          0          0          0          0          0          0      65571          0          0          0          0          0          0          0          0          0          0          0 IR-PCI-MSIX-0000:80:14.3   13-edge      iwlwifi:queue_13
 197:          0          0          0          0          0          0          0          0          0          0          0          0          0      64900          0          0          0          0          0          0          0          0          0          0 IR-PCI-MSIX-0000:80:14.3   14-edge      iwlwifi:queue_14
 198:          0          0          0          0          0          3          0          0          0          0          0          0          0          0          0          0          0          0          0          0          0          0          0          0 IR-PCI-MSIX-0000:80:14.3   15-edge      iwlwifi:exception
 199:          0          0          0          0          0          0          0          0          0          0          0          0          0          0          0    3124659          0          0          0          0          0          0          0          0 IR-PCI-MSI-0000:00:02.0    0-edge      i915
 200:          0          0          0          0          0          0          0          0          0          0          0          0          0          0          0          0          0          0          0          0          0          0          0          0 IR-PCI-MSIX-0000:02:00.0    0-edge      nvidia
 201:          0          0          0          0          0          0          0          0          0          0          0          0          0          0          0          0          0          0          0          0          0          0          0          0 IR-PCI-MSIX-0000:02:00.0    1-edge      nvidia
 202:          0          0          0          0          0          0          0          0          0          0          0          0          0          0          0          0          0          0          0         20          0          0          0          0 IR-PCI-MSIX-0000:02:00.0    2-edge      nvidia
 203:          0          0          0          0          0          0          0          0          0          0          0          0          0          0          0          0          0          0          0          0          0          0          0          0 IR-PCI-MSIX-0000:02:00.0    3-edge      nvidia
 204:          0          0          0          0          0          0          0          0          0          0          0          0          0          0          0          0          0          0          0          0          0          0          0          0 IR-PCI-MSIX-0000:02:00.0    4-edge      nvidia
 205:          0          0          0          0          0          0          0          0          0          0          0          0          0          0          0          0          0          0          0          0          0          0          0          0 IR-PCI-MSIX-0000:02:00.0    5-edge      nvidia
 206:          0          0          0          0          0          0          0          0          0          0          0          0          0          0          0          0          0          0          0          0          0          0          0          0 IR-PCI-MSIX-0000:02:00.0    6-edge      nvidia
 207:          0          0          0          0          0          0          0          0          0          0          0          0          0          0          0          0          0          0          0          0          0          0          0          0 IR-PCI-MSIX-0000:02:00.0    7-edge      nvidia
 208:          0          0          0          0          0          0          0          0          0          0          0          0          0          0          0       1785          0          0          0          0          0          0          0          0 IR-PCI-MSI-0000:80:1f.3    0-edge      snd_hda_intel:card1
 NMI:      10599      13279      12410      10453      10025       9534       9278       8727       1833       1749       1617       1554       1615       1659       1585       1529       1716       1614       1582       1510       1451       1466       1425       1363   Non-maskable interrupts
 LOC:  174338084  203528390  199446934  189644553  183969346  180331324  173864667  164983598  128339770  127344845  114963432  101321331  112129030  116990395  110079348   97863737  201967496  112000593  107132291   93900137   95223594   99393911   94614634   83254533   Local timer interrupts
 SPU:          0          0          0          0          0          0          0          0          0          0          0          0          0          0          0          0          0          0          0          0          0          0          0          0   Spurious interrupts
 PMI:      10599      13279      12410      10453      10025       9534       9278       8727       1833       1749       1617       1554       1615       1659       1585       1529       1716       1614       1582       1510       1451       1466       1425       1363   Performance monitoring interrupts
 IWI:    1627875     891242    1587378    1107653    1158380    1039257     843825     686146     177968     180683     135688     207256     236950     204464     213939     233826     179994     175680     203022     183070     166416     128568     169518     112053   IRQ work interrupts
 RTR:          0          0          0          0          0          0          0          0          0          0          0          0          0          0          0          0          0          0          0          0          0          0          0          0   APIC ICR read retries
 RES:    1625719    1126697    1171208    1057820    1105269    1043485    1032275    1014893    1503619    1503490    1545245    1562349    1733656    1618653    1665988    1588692    1972552    1636132    1627233    1618137    1550863    1526845    1543102    1582953   Rescheduling interrupts
 CAL:   26462450   25097410   24155851   24675886   23468470   23288653   22797137   22700188   74954543   91398848   62317657   52011098   66793526   64099806   68299212   53899719   52834018   55348247   54146134   44128335   46207473   49946662   47493269   40301559   Function call interrupts
 TLB:   20829160   20655239   20579319   21160304   20261835   19722613   19597804   19445665   22101000   22947881   23186615   23211739   24652184   24931418   24708792   24854767   25165617   26662399   26166968   25369278   23353996   24175269   23520507   23800850   TLB shootdowns
 TRM:          3          3          4          3          4          3          3          3          2          2          2          2          2          2          2          2          2          2          2          2          2          2          2          2   Thermal event interrupts
 THR:          0          0          0          0          0          0          0          0          0          0          0          0          0          0          0          0          0          0          0          0          0          0          0          0   Threshold APIC interrupts
 DFR:          0          0          0          0          0          0          0          0          0          0          0          0          0          0          0          0          0          0          0          0          0          0          0          0   Deferred Error APIC interrupts
 MCE:          0          0          0          0          0          0          0          0          0          0          0          0          0          0          0          0          0          0          0          0          0          0          0          0   Machine check exceptions
 MCP:       1632       1633       1633       1633       1633       1633       1633       1633       1633       1633       1633       1633       1633       1633       1633       1633       1633       1633       1633       1633       1633       1633       1633       1633   Machine check polls
 ERR:          0
 MIS:          0
 PIN:   38499625   39492329   43424686   45788383   47757887   48491248   47267901   47940799   23629948   19854662   16183018   11859982   11193608   10803444    9238705    7011183    6657756    6379464    5907660    4561639    5185155    5347243    4881049    3668621   Posted-interrupt notification event
 NPI:          0          0          0          0          0          0          0          0          0          0          0          0          0          0          0          0          0          0          0          0          0          0          0          0   Nested posted-interrupt event
 PIW:    6295268    8713666   10685561   12325831   13223569   13725464   12502296   12071738   15984375   15393135   13633046   10644314   11469854   10991726    9678706    7522695    7306209    7114878    6705397    4973526    5679694    5876192    5390599    4057404   Posted-interrupt wakeup event
